INDEX onATonoM ET onnon

oonooieoiis. 5³. Defensori

1444444410, 474. 84. 144. ’114
0101818808. 18. 114141444

1444444444, 11, 814. 88. 118 cosio
11401011008. 87. 4441144
1484444444, 11, 474 44. ¹ 88. contre 8
1. 084144 1144414441444481444181414, p. 474. 8811841488
4. 084148 818484444844841118484. 474. 88. 84481444
4. 1141841444 8884448118, 4. 474. 41. Pro 81444
1111101118, 44. 844 che
[18 republica, 11, 188 opp. 88. 14 014841
11118111Ιῦ148. 84. 84801444
044448 4444844 85. 048118 01
848 148841448 4. 4. 4. 4. 444. 8814848144, 11, 878. oo. En 84414·
monem, 11, 881 444. 18111οΒ4113.
4. 084148 4114848444844, 4. 881. 1414444444, ,
8. 844 48444444, 4. 884. 1. 4. 8. oid.
8. 1411814444811848444148, 4. 884. 4. Ado. 11844
4. 084148 1411444 4441114414 on, p. 188. 8114844111
5. 444. Apelleum 48 114848444, 4. 888. ISAEUS.
8. 044148 Aristagoran 48 4841. patron, 4. 888. 0444484444, 1
7. conire Anisiogiionem, 4. 888. 1. 114 018844
8. 084148 Aristophontem 48 41414144. 44. 4., 4. 888. 4. 1181184841
8. 844 11844814, 4. 888. 8. 1188444141
10. 084144 444444144114444, p. 888. 4. 118 11144414
11. 084144 441881444 48 proditione, 4. 888. 1. 1141114884
14. 444. 0844144444, 4. 481. 8. 114 8141188
18. 11811884 844118, 4. 884. 7. 1181148114
14. contra 1184444844 48 4444111184, p. 881. 8. 118 Gitonis
18. 084144 Demeam de peregrinanone, 4. 888. 8. 118 441441
18. 444. Demeam, p. 887. 10. 114 441414
17. 044144 0844148441) 441881, 4. 887. 11. 118 iiagn
18. 848 civitate denoto, p. 187. 14. 84811441
18. 084148 Demosthenem, p. 887. 1444444441,
48.144.111444444,4.488. *1184144444
41. 044144 0184111444, 4. 488. “ * 444. 4444
44. contro Dorotheum, 4. 448. 1. 444. 4481
48. 444. 14141844 dedomo, p. 448. 4. 1144418114
44. Funebria 844118, p. 488. 8. 444. 44141
48. 118 48414 nobule 48114, 4. 418. 4. 084144 441
48. 4411841444. 411. 8. 084148 44
47. 11411144811448411818444. 4444, 4. 414. 8. 444. Boeo
48. 848 04111448 444. 111884, p. 414. . 7. 444. 4844
48. 044148 cononem, 4. 418. 8. 084148 oi«
48. 8480441148, 4. 414. 8. 44411188
81. 0411441888 848118, 4. 418. 10. 444. 1118
81. 848 Lycurgi 1184414, 4. 118. 11. 444. Do
88. 848 1448414848 (18184418, p. 414. 14. 0841481
84. 444. 1441444444, 4. 418. 18. 444. 1184
88. 08414411841111844448484884, 4. 418. 14. 4441144
88. 044148 11141444, 4. 418. 18. 448144
87. 848 111848 , 4. 418. 18. 848 Eun
88. i’ro 14841448, 4. 418. 17. 84811441
88. 848 Xenophilo 844. 4448, 4. 418. 18. 084148 ’.1
4ο. 1141141144, 4. 418. 18. 444. 1481
41. 04444844414,4. 118. 4ο. 144. 041
44. 444. 8848414444, 4. 418. 41. 444. 081
48. 084148 844181444, 4. 4411. 44. 0841480
44. 444. 8441814444 48 4844441. bonon, 4418. 48. 848 08144
41. (tonina 8814841844 48 14488, 4. 448. 44, 1414. 081
18. 81414184 848118, 4. 444. 11. 0841480
47. 044144 88144481444, p. 441. 48. 144. Ly!
48. 118 8414844414 exercitui 4444114, 4. 448. 47. 118114 qn
18. 444. polyeuctum, 4144. , 48. 084144 1
88. 118 8444184441 14844411814, 4. 448. 48. 444. 114
11. 11144414 444118, 4. 444. oo. 144. 1144
84. 844 8144414444. Pylii. 81 layo, p. 414. · 81. 118 144411
44. 1. 118 44811444,4. 444. 84. 84411444

 

