712 INDEX onerum tr ΟΙΔΤΙΟΙΈΙ.

nmmum.
12 nennium, 1212.
311111111212111111 timisti-mm.

11.221.01121111,1.112.
21. 0112211221,1. 211.
. , . .

12. 221. 1111111221 de 12212,1. 212.
11. 211. ww 11111111, 1. 212.
11. Ex 11111111 2111122021, 1. 311.
2011111111.

0112121111, 1211. 1111121211

1. ut 0111111212,1. 1.

2. 22 nmen, 1. 2.

2. neura 1111011111, 1. 11.

1. Panegyricos, 1. 21.

1. 911111121111112121112122121. 1. 11.
2. 2111111111111111121112111111211. 72,
7. 211111111111, 1. 22.

2. 111 once (11111112 1112111212), 1. 122.
11 22111111, 1. 121.

12. 11111111 11221112,1 122.

11. 11111111 (111212111111112121, 1. 111.
12. 11121111111121, 1. 119.

11. cmm 22111121, p. 111.

11. 1111111111,1.192.

11. 112 Ρη21111112111,1. 222.

12. 01 21111, 1. 211.

17. tramittere, 1. 211.

12. 1111111111111121 enormen, ρ. 222.
19. 1411111121, 1. 229.

11. 12211 11211122, p. 111.

11. 11211111 1211112221, 1. 279.
11111111,121. 1. 1111111212,1. 222111.
1. 1112111112, 1, 222.

2. Phiiippo , 1. 223.

3. 1111111112, p. 222.

1. 21111112, 1. 227.

1. Alexandro, 1. 229.

2. internitionem. 291.

7. 1111211112,1. 292.

2. nd 11111122121221 2111112111,1. 291.
9. 2111111122, 1. 292.

11. 0122111111. 199.

1121211221, ΙΙ, 212111.

1. 011111111111111, 1. 211.

1. 21111111111,1. 119.

111 1122111111, 11, 111 1211.

2111111111 112211111 1111121111,11, 111 111.

1. nd Dementeom, 1122.

2. diuidentem, p. 122.

1. 1111111111212212111, 1. 123.

1. 9111111111, 11112.

11. 21111111111111, 11121.

7. 21111111111111, 1. 111.

1. 1711111,1. 121.

tt. 12212111, 11111.

12. 1111111 11111111,1. 111.

11. 2111111,1. 121.

13. 0121112211111111,1. 121.

11. 1121111111, 1. 121.

1212111, 11, 112111.

1. ad or. 211 02111211111, 1. teo

2. nd 2121111122112111, 1. 112. ·
2. 21111121121111110111121, 1. 111.

d nd warh, μ tu.
1 d napa. r· ⁴⁸
1 nd tufi—,p ‘a
2. nd nr. De μ, p· 127.
1. a ιιιμιι, μ 111.
12. nd Mn duffio, 1. 11.
11. nd h'ridrn, p. Ιι
12. nd minda. p. 11.
12. 211 21. Μυσὴ-,1. 122.
rsocnmn immun.
rnrcnurn, 11, m
12021ῐ25.
1211212112, 11, 311.
immiti&
111121111,11, 2117.
12001122 Acunum
rerem, 11, 212.
inmitis.
1111221121, ΙΙ, 212.
[bitom.
0121121121, ΙΙ, 122 111.
1. 1221111,1. 123.
2. 1121121221 1 et 11, p. 121.
inconnon.
Fue-mr, 11, 211.
1101111001.
Contra 1121111121 (ormino moenio), 11, t 111.
1211112121,11,112 211.
1. 21212111 ministrer& 111111111α, p. 212.
2. contre Aristogitonem, 1. tsi.
³. 0221112212111211,1. 211.
1. 02211101121111111 , 1. 212.
1. 211. 0112121111 11112112,1. 217.
2. 01 administrationem. ³⁵7.
7. 01 111121211,1. 219.
7. n. 0111211112ιί2, n. 222.
2. centn 1111111121, 1. 222.
9. contre 0111112121121, 1. 222.
11 01212211111122111 coeronidin oontrotutitd ³⁶2
11. 11 12. contro Lycophronem 211. 2211,1. 211.
11. 022111 irrident, 1. 221.
11. 021111212111,1. 211.
11. Contra 1112222121112111112111112, 1. 217.
12. 112121112112111111211, 1. 219.
insons.
0211121111, 1, 92111.
1. 01 erede Eratosthenis, 1. 92.
2. or. 1112111111, 1. 12.
³. 2111.21122111111,1. 102.
1. 01 111211212121121111, 1. 111.
1. Pro 1111111112 11211111, 1. 111.
2. 0221112112111212111211121111, 1. 117.
7. 11211111 2111,1.12.1.
2. 2111111211111111112211 211. inorme ¹²⁸·
9. 9121211111,1. 111.
11. 022111111212111121211121,1. 122.
11. o 1 nitere, 11. 127.
12. 021111212121111211121,1. 112.
13. contre 2121212211. 111.
11. 02212212111211121 1, 1. 122.
¹⁵· Ἀ 2 u. pe ¹60·
12. Pro 11121111112,1. 171.
17. De 11121111 1111111211, 1. 171.
11. nonannoeane 22221ι1212ι211111.1·171·
11. 01 122112211211111111. 179.
21. Pro 9211211212, 1. 197.
·2.1. temptorum munerum 1212211211. rei·
21. 211. fermentarios, 1. 111.
’12. 02111121211222121,1. 111.

 

