INDEX

01111011οΜ ΕΤ 011111 ἶ

*a

15001108, 1110210111. 1. ticcio 2000 1
0112210111,11,20100. orgum), 0.
1. 000121 Timarchum (01111110 argumento), 0. 22. 2. ’1011110041 1 1
2. 111 121110 00111 1001110οο (0111114110 1200010010), n. 04. 1. ’1001100411 1
1. 0020201001011001011 (021011022001000101, p. 90. 4. 1012110041 1 1
11011101101111 (com 1102100010), n. 144. 1. De 010110 111 1
1110211211 11214111 011110,11, 411. o. 811001 01101 1
101111111111,11,41210. 1112011022,1 τ
1. 100110οἰ1 11 1110110011 introductio, 11410. 1. Dc 11111110 ,
2. Primo AEocirinio 11412, 0. 411110. 2110201110110
1. 111122 11121οΙ011 1412, 0. 400. 2. corna 1100 1
0010211 10 1010211111, 0. 401100. 4. 1210124101 1
1. 011 01. 0000111112011101,0.401. 1121211211οο 1
201101. 00 101100010100111020,0.100. 0. 000121 1140 1
1. 011 or. 000122 ctesiphontem, 0. 110. , 7. 000121 011111
0801411101 5001111Ιο00. . 11. 002121 Lu 1
1110211211,11,210. ’ 011111011012
1051011. 10. 14221111 1101 1
1121111122,11, 4111. 11. 1111114001 1
1101011118,00121101021221100111011102001 12. 1102010 000 1
1.11101101,11,117. 11. 000121 Pol 1
2.1108001141111,11,201. 14. 002122 020 1
1101011110 1111412. 11. 1101110011 r
1110211121,11,110100. 11. 0001111111 1
1. romaniaca 011110, n. 111. 17. 00 0021010 1
2.111111111211112110,0.210. 111. 000121 Phi 1
1. 1111100111,0. 210. 11. 002111 Piri 1
4. 1102111 1120111111, 0. 111. 20. 000121 iic* 1
1. 111 01110141, 0. 117. 21. 1110100112 e* 1
41. fracmenta 111141 02001111, 0. 111. 22. 1210011011 1
111111111111110. . 21. Ponticum
ancrrnrr, 11411100. 21. 00 concord
1. 000121 Phrynen, 0. 112. · 21. 0020111210
2.11110112011011110,0.410. 1111100111011
1. 121, 0. 110. ΑΝἨ81411015,
1110001018. 1. 1111, 11, 101
0212101111, 1, 41 100. 2. 11101101, 11,
1. 112 1100101111, 0. 41. 111115111111115.
2. 110 ono 20114111, 0. 70. 1112021122,11,
1. 00 01000010 110011101οο110(οω11. orgi, 0. 77. 1111111401.
4. 000121110414111001 (02101120 argumento), 0. 11. 1112221111, 11,
1211121122, 11, 217 100. , 1112. 1100101400
1. 111 1101211000, n. 141. 1101111108.
2. 80110211011110, p. 241. 1010121122, 11,
1. 1111011101,0. 211. 1. 0011111 111111
1. 1210001111οά11 4110111110, n. 241. 2100011110111
1110110οι011. 1101001101.
1111111121, 11, 241. 1111012111,11,1
1001011011. 1. 1112. 00111101
1111021121,11,110. 2. 0011121111111
1111101101. 1. 000121 112011
0111101112,1, 1 100. 1. 000121 1111211

 

